TIME    MEM VIRT   RES SHR CPU FREE SWAP
0:00.17 0.6 229748 10384 2992 93.8 1612.8 83.6
0:01.72 4.1 295484 76120 2992 88.2 1548.0 83.6
0:03.29 7.7 362540 143176 2992 88.2 1482.4 83.6
0:04.86 11.2 429332 209968 2992 93.8 1417.4 83.6
0:06.42 14.8 495596 276232 2992 88.2 1352.3 83.6
0:07.99 18.3 562784 343288 2992 93.8 1286.5 83.6
0:09.56 21.9 629840 410608 2992 99.9 1220.8 83.6
0:11.13 25.5 695708 476344 2992 99.9 1156.9 83.6
0:12.68 28.9 760784 541552 2992 94.1 1092.7 83.6
0:14.25 32.5 827708 608344 2992 93.8 1027.2 83.6
0:15.82 36.1 894764 675400 2992 99.9 962.0 83.6
0:17.37 39.6 960896 741400 2992 93.8 896.9 83.6
0:18.95 43.2 1027952 808456 2992 93.8 831.4 83.6
0:20.50 46.7 1093820 874456 2992 93.8 766.9 83.6
0:22.08 50.3 1160348 940984 2992 88.2 702.0 83.6
0:23.64 53.8 1226216 983.1m 2992 94.1 637.3 83.6
0:25.20 57.4 1292348 1.0g 2992 93.8 572.6 83.6
0:26.77 60.9 1359140 1.1g 2992 93.8 507.3 83.6
0:28.34 64.4 1424348 1.1g 2992 88.2 443.3 83.6
0:29.91 68.0 1490876 1.2g 2992 88.2 378.3 83.6
0:31.48 71.5 1557668 1.3g 2992 94.1 312.9 83.6
0:33.04 75.1 1624724 1.3g 2992 88.2 247.4 83.6
0:34.61 78.7 1691384 1.4g 2992 93.8 182.2 83.6
0:36.19 82.3 1758704 1.5g 2992 88.2 116.2 83.6
0:37.75 85.8 1825496 1.5g 2992 82.4 61.9 84.1
0:42.34 88.9 2019536 1.6g 716 18.1 72.9 374.1
0:48.39 88.9 2274824 1.6g 968 37.2 72.8 589.9
0:52.39 87.9 2442860 1.6g 860 76.2 75.8 684.2
0:55.26 87.5 2564564 1.6g 848 33.3 70.4 820.0
      1668.7 87.8
      1667.6 87.8
      1667.6 87.8
      1667.6 87.8
      1667.5 87.8
      1667.5 87.8
      1667.5 87.8
      1667.5 87.8
      1667.5 87.8
      1667.5 87.8
      1667.5 87.8
      1667.5 87.8
      1667.4 87.8
      1667.5 87.8
      1667.5 87.8
      1667.5 87.8
      1667.4 87.8
      1667.3 87.8
      1667.2 87.8
      1667.3 87.8
      1667.3 87.8
      1667.1 87.8
      1667.1 87.8
      1667.1 87.8
      1667.1 87.8
      1667.1 87.8
