TIME    MEM VIRT   RES SHR CPU FREE SWAP
0:00.09 0.4 226448 6844 2868 38.9 126.2 83.9
      155.9 83.9
      164.8 83.9
0:00.84 2.1 258128 38524 2868 41.2 188.2 83.9
      218.9 83.9
      228.9 83.9
0:01.62 3.8 290732 71260 2868 41.2 251.5 83.9
      282.7 83.9
      293.9 83.9
0:02.40 5.5 323336 103732 2868 42.1 314.8 83.9
      346.3 83.9
      355.2 83.9
0:03.17 7.3 355544 136204 2868 44.4 377.4 83.9
      411.7 83.9
      420.2 83.9
0:03.92 9.0 387620 168148 2868 43.8 441.3 83.9
      475.2 83.9
      482.6 83.9
0:04.69 10.7 419564 200092 2868 47.1 503.3 83.9
      538.5 83.9
      548.0 83.9
0:05.44 12.4 451508 232036 2868 40.0 566.8 83.9
      603.0 83.9
      611.7 83.9
0:06.22 14.1 484112 264508 2868 47.1 629.7 83.9
      666.6 83.9
      677.8 83.9
0:06.99 15.9 516320 296716 2868 47.1 692.7 83.9
      730.5 83.9
      741.5 83.9
0:07.76 17.6 548924 329452 2868 36.8 756.2 83.9
      793.0 83.9
      802.9 83.9
0:08.54 19.4 581660 362188 2868 47.1 819.8 83.9
      857.1 83.9
      867.8 83.9
0:09.31 21.1 613736 394132 2868 42.1 881.6 83.9
      920.7 83.9
      930.7 83.9
0:10.06 22.7 644624 425284 2868 35.3 942.4 83.9
      983.7 83.9
      994.4 83.9
0:10.84 24.5 677228 457756 2868 42.1 1006.9 83.9
      1047.8 83.9
      1059.1 83.9
0:11.60 26.2 709964 490492 2868 33.3 1071.0 83.9
      1111.7 83.9
      1123.1 83.9
0:12.38 28.0 742832 523492 2868 37.5 1134.7 83.9
      1172.9 83.9
      1185.3 83.9
0:13.15 29.7 774644 555172 2868 41.2 1196.9 83.9
      1235.8 83.9
      1247.2 83.9
0:13.92 31.4 806588 587116 2868 38.9 1258.2 83.9
      1299.1 83.9
      1310.0 83.9
0:14.70 33.1 839324 619852 2868 41.2 1320.6 83.9
      1361.4 83.9
      1373.3 83.9
0:15.45 34.8 871004 651532 2868 33.3 1384.1 83.9
      1424.4 83.9
      1435.5 83.9
0:16.23 36.5 903344 683740 2868 56.2 1446.6 83.9
      1486.8 83.9
      1497.5 83.9
0:16.98 38.2 934232 714628 2868 41.2 1508.6 83.9
      1549.4 83.9
      1559.7 83.9
0:17.75 39.9 966836 747364 2868 35.3 1572.4 83.9
      1613.4 83.9
      1624.9 83.9
0:18.53 41.7 999836 780364 2868 33.3 1636.1 83.9
      1675.9 84.2
      1697.8 87.5
0:19.30 43.4 1032176 812572 2868 41.2 1701.0 87.5
0:20.50 45.6 1081940 852472 1000 25.0 1706.1 202.3
      1706.1 202.3
      1706.1 202.3
0:22.06 45.4 1147412 849940 1048 12.8 1708.7 362.5
      1708.6 362.5
      1708.6 362.5
      1707.9 428.7
      1707.9 428.7
0:23.43 45.4 1204832 848884 1328 42.1 1707.9 428.7
      1705.1 500.6
0:24.29 44.9 1241000 840676 1328 31.6 1705.6 500.6
      1708.3 500.6
      1711.5 583.0
0:25.12 44.5 1275716 833248 1328 31.2 1712.3 583.0
      1709.2 583.0
      1719.0 673.0
0:26.00 45.3 1313336 848056 1328 33.3 1717.4 673.0
      1719.8 673.0
      1705.5 777.7
      1705.6 777.7
0:27.54 45.1 1378676 844056 1232 25.0 1705.2 777.7
      959.7 476.4
      958.9 476.4
      958.0 476.4
      1025.9 476.3
      1021.1 476.3
      1024.3 476.3
      1088.0 476.3
      1090.6 476.3
      1086.6 476.3
      1152.1 476.3
      1153.0 476.3
      1151.3 476.3
      1215.5 476.3
      1216.4 476.3
      1214.7 476.3
      1279.0 476.3
      1280.8 476.3
      1276.7 476.3
      1344.3 476.3
      1341.5 476.3
      1342.6 476.3
      1406.1 476.3
      1408.3 476.3
      1406.9 476.3
      1465.5 476.3
      1470.0 476.3
      1471.0 476.3
      1533.2 476.3
      1534.0 476.3
      1535.0 476.3
      1598.8 476.3
      1597.0 476.3
      1597.8 476.3
      1663.5 476.3
      1662.1 476.3
      1658.2 476.3
      1715.7 559.1
      1715.7 559.1
      1715.6 559.1
      1710.8 739.1
      1711.0 739.1
      1711.0 739.1
      1710.0 800.0
      1708.4 800.0
      1706.5 800.0
      115.8 99.5
      117.3 99.5
      112.4 99.5
      117.1 99.5
      114.5 99.5
      117.1 99.5
      117.1 99.5
      117.1 99.5
      117.2 99.5
      117.0 99.5
      117.2 99.5
      116.6 99.5
      116.4 99.5
      117.2 99.5
      116.6 99.5
      114.6 99.5
      115.2 99.5
      116.6 99.5
      115.5 99.5
      116.5 99.5
      117.3 99.5
      117.1 99.5
      116.6 99.5
      117.3 99.5
      116.6 99.5
      115.6 99.5
      114.1 99.5
      117.2 99.5
      116.6 99.5
      116.6 99.5
      117.0 98.7
      116.4 98.7
      114.5 98.7
      115.5 98.7
      113.8 98.7
      113.2 98.7
      116.0 98.7
      115.4 98.7
      114.2 98.7
      117.1 98.7
      116.8 98.7
      116.2 98.7
      117.5 98.7
      117.1 98.7
      116.5 98.7
      116.1 98.7
      116.0 98.7
      115.7 98.7
      116.0 98.7
      116.0 98.7
      115.5 98.7
      115.5 98.7
      116.0 98.7
      116.1 98.7
      115.6 98.7
      116.1 98.7
      116.0 98.7
      115.3 98.7
      114.8 98.7
      116.1 98.7
      116.1 98.7
      115.6 98.7
      116.1 98.7
      116.1 98.7
      115.5 98.7
      116.1 98.7
      116.1 98.7
      114.2 98.7
      114.6 98.7
      116.2 98.7
      116.1 98.7
      114.6 98.7
      113.5 98.7
      116.1 98.7
      114.6 98.7
      115.2 98.7
      116.2 98.7
      114.7 98.7
      115.2 98.7
      116.2 98.7
      114.8 98.7
      115.2 98.7
      116.2 98.7
      114.8 98.7
      115.2 98.7
      116.1 98.7
      114.8 98.7
      115.1 98.7
      116.1 98.7
      114.7 98.7
      115.1 98.7
      116.1 98.7
      114.6 98.7
      115.1 98.7
      116.1 98.7
      114.6 98.7
      115.5 98.2
      116.4 98.2
      114.9 98.2
      114.9 98.2
      116.4 98.2
      114.9 98.2
      114.8 98.2
      116.4 98.2
      114.8 98.2
      115.5 98.2
      116.4 98.2
      115.0 98.2
      115.4 98.2
      116.3 98.2
      115.0 98.2
      115.4 98.2
      116.4 98.2
      115.0 98.2
      115.4 98.2
      116.4 98.2
      115.0 98.2
      115.4 98.2
      116.3 98.2
      115.0 98.2
      115.4 98.2
      116.4 98.2
      115.0 98.2
      115.4 98.2
      116.2 98.2
      115.0 98.2
      115.4 98.2
      115.9 98.2
      114.8 98.2
      114.7 98.2
      115.8 98.2
      114.6 98.2
      115.0 98.2
      115.0 98.2
      114.2 98.2
      115.0 98.2
      115.0 98.2
      114.2 98.2
      115.0 98.2
      115.0 98.2
      114.3 98.2
      115.0 98.2
      115.0 98.2
      114.8 98.2
      115.0 98.2
      114.8 98.2
      114.8 98.2
      114.1 98.2
      114.9 98.2
      114.9 98.2
      114.6 98.2
      114.8 98.2
      114.9 98.2
      114.6 98.2
      114.8 98.2
      114.8 98.2
      114.6 98.2
      114.9 98.2
      114.9 98.2
      114.7 98.2
      114.9 98.2
      114.9 98.2
      114.8 98.2
      115.0 98.2
      115.0 98.2
      114.8 98.2
      115.0 98.2
      115.0 98.2
      114.8 98.2
      115.0 98.2
      115.0 98.2
      114.8 98.2
      115.0 98.2
      115.0 98.2
      114.8 98.2
      115.0 98.2
      115.0 98.2
      114.8 98.2
      115.0 98.2
      115.0 98.2
      114.8 98.2
      115.0 98.2
      115.0 98.2
      114.8 98.2
      115.0 98.2
      115.0 98.2
      114.8 98.2
      115.0 98.2
      115.0 98.2
      114.8 98.2
      115.0 98.2
      115.1 98.2
      114.7 98.2
      114.9 98.2
      115.0 98.2
      114.7 98.2
      115.0 98.2
      115.0 98.2
      114.7 98.2
      114.9 98.2
      115.0 98.2
      114.7 98.2
      115.0 98.2
      115.0 98.2
      114.7 98.2
      115.0 98.2
      115.0 98.2
      114.8 98.2
      115.0 98.2
      115.0 98.2
      114.8 98.2
      115.0 98.2
      115.0 98.2
      114.8 98.2
      114.9 98.2
      115.0 98.2
      114.8 98.2
      114.9 98.2
      115.0 98.2
      114.8 98.2
      115.0 98.2
      115.0 98.2
      114.7 98.2
      115.0 98.2
      115.0 98.2
      114.8 98.2
      115.0 98.2
      115.0 98.2
      114.8 98.2
      115.0 98.2
      115.0 98.2
      114.7 98.2
      115.0 98.2
      115.0 98.2
