TIME    MEM VIRT   RES SHR CPU FREE SWAP
0:00.09 0.4 226448 6992 3032 41.2 125.6 83.9
      156.1 83.9
      163.5 83.9
0:00.84 2.0 257600 38144 3032 41.2 187.6 83.9
      217.1 83.9
      228.2 83.9
0:01.62 3.8 290204 70880 3032 41.2 252.0 83.9
      281.8 83.9
      291.6 83.9
0:02.40 5.5 322544 103088 3032 42.1 315.4 83.9
      347.3 83.9
      357.8 83.9
0:03.16 7.2 354356 135032 3032 47.1 378.0 83.9
      411.2 83.9
      422.4 83.9
0:03.92 8.9 386036 166712 3032 38.9 440.7 83.9
      475.8 83.9
      483.2 83.9
0:04.68 10.6 418244 198920 3032 43.8 503.9 83.9
      539.1 83.9
      547.3 83.9
0:05.45 12.3 449924 230600 3032 50.0 566.2 83.9
      602.0 83.9
      613.8 83.9
0:06.21 14.0 482000 262544 3032 41.2 629.1 83.9
      665.8 83.9
      676.4 83.9
0:06.99 15.8 514208 295016 3032 47.1 692.1 83.9
      729.9 83.9
      740.3 83.9
0:07.76 17.5 546416 326960 3032 36.8 755.6 83.9
      794.2 83.9
      802.3 83.9
0:08.53 19.2 578492 359168 3032 35.3 819.2 83.9
      858.0 83.9
      868.3 83.9
0:09.30 20.9 610172 390848 3032 31.6 882.1 83.9
      921.3 83.9
      931.3 83.9
0:10.07 22.6 641588 422264 3032 41.2 943.0 83.9
      984.3 83.9
      995.1 83.9
0:10.85 24.3 674060 454736 3032 42.1 1005.6 83.9
      1047.1 83.9
      1058.5 83.9
0:11.62 26.0 706664 487208 3032 41.2 1070.5 83.9
      1110.6 83.9
      1122.4 83.9
0:12.38 27.8 738740 519416 3032 35.3 1134.0 83.9
      1174.1 83.9
      1184.7 83.9
0:13.14 29.5 770552 551360 3032 37.5 1196.3 83.9
      1236.4 83.9
      1246.6 83.9
0:13.92 31.2 802496 583040 3032 41.2 1258.7 83.9
      1299.6 83.9
      1310.6 83.9
0:14.69 32.9 834440 615248 3032 33.3 1321.8 83.9
      1362.6 83.9
      1372.7 83.9
0:15.45 34.6 866120 646664 3032 35.3 1384.6 83.9
      1425.1 83.9
      1436.4 83.9
0:16.21 36.3 898064 678608 3032 35.3 1445.8 83.9
      1487.4 83.9
      1496.9 83.9
0:16.98 38.0 929612 710288 3032 41.2 1508.0 83.9
      1550.0 83.9
      1560.2 83.9
0:17.76 39.7 962084 742760 3032 41.2 1571.9 83.9
      1612.8 83.9
      1624.2 83.9
0:18.53 41.5 994820 775496 3032 41.2 1635.4 83.9
      1675.8 84.2
      1690.0 85.5
0:19.29 43.1 1026368 806912 3032 35.3 1701.6 87.5
      1715.6 202.3
      1703.8 202.3
0:20.50 42.3 1075868 791756 1016 25.0 1706.1 202.3
0:22.20 42.5 1146620 794860 1048 15.2 1708.6 362.5
      1708.5 362.5
      1708.6 362.5
      1707.9 428.7
      1707.4 428.7
0:23.56 42.4 1203116 793140 1304 44.4 1707.9 428.7
      1704.1 500.6
0:24.42 42.3 1239152 791468 1304 38.9 1704.1 500.6
      1704.3 500.6
      1714.0 583.0
0:25.24 41.9 1273472 784028 1304 31.2 1713.4 583.0
      1710.0 583.0
0:26.14 42.7 1310960 798708 1304 35.0 1718.3 673.0
      1719.8 673.0
      1716.7 673.0
      1705.5 777.7
      1705.8 777.7
0:27.68 42.5 1376036 795240 1212 28.6 1705.5 777.7
      957.3 476.4
      961.4 476.4
0:29.91 45.4 1467512 850192 1476 45.5 960.5 476.4
0:31.74 49.6 1545920 928780 1668 82.4 1021.9 476.3
      1025.3 476.3
      1023.2 476.3
      1085.7 476.3
      1089.9 476.3
0:33.28 53.1 1611392 994252 1668 77.8 1088.9 476.3
      1153.7 476.3
0:34.82 56.7 1677656 1.0g 1668 83.3 1154.4 476.3
      1150.3 476.3
0:36.36 60.2 1742600 1.1g 1668 77.8 1218.6 476.3
      1217.1 476.3
      1218.0 476.3
0:37.88 63.6 1806752 1.1g 1668 72.2 1281.5 476.3
      1279.8 476.3
      1277.4 476.3
      1343.6 476.3
0:39.43 67.0 1871564 1.2g 1668 77.8 1339.5 476.3
      1340.2 476.3
      1407.7 476.3
      1405.3 476.3
0:40.97 70.5 1936508 1.3g 1668 83.3 1404.3 476.3
      1466.3 476.3
0:42.49 74.0 2001452 1.3g 1668 82.4 1467.0 476.3
      1471.6 476.3
0:44.02 77.5 2066924 1.4g 1668 82.4 1527.9 476.3
      1531.6 476.3
      1535.7 476.3
0:45.55 81.0 2132000 1.4g 1668 77.8 1599.5 476.3
      1595.4 476.3
      1594.6 476.3
0:47.08 84.5 2197340 1.5g 1668 82.4 1662.8 476.3
      1658.8 476.3
      1657.4 476.3
      1715.7 559.1
0:48.57 87.9 2260832 1.6g 1668 82.4 1715.7 559.1
      1715.6 559.1
      1711.2 739.1
0:53.16 87.9 2456192 1.6g 784 32.6 1710.9 739.1
      1711.1 739.1
      1709.4 800.0
      1707.6 800.0
0:55.91 87.7 2573012 1.6g 980 72.2 1705.2 800.0
      114.1 99.5
      110.7 99.5
      109.0 99.5
      117.2 99.5
      115.5 99.5
      116.6 99.5
      117.2 99.5
      115.2 99.5
      116.4 99.5
      115.4 99.5
      117.2 99.5
      117.2 99.5
      115.9 99.5
      117.1 99.5
      117.2 99.5
      115.4 99.5
      117.2 99.5
      117.1 99.5
      117.1 99.5
      113.4 99.5
      117.2 99.5
      117.1 99.5
      115.6 99.5
      117.2 99.5
      117.2 99.5
      117.2 99.5
      113.0 99.5
      112.5 99.5
      114.5 99.5
      117.2 99.5
      114.8 98.7
      115.4 98.7
      115.3 98.7
      112.9 98.7
      114.9 98.7
      113.7 98.7
      115.1 98.7
      115.8 98.7
      113.7 98.7
      116.1 98.7
      116.8 98.7
      116.8 98.7
      116.4 98.7
      117.1 98.7
      117.1 98.7
      113.1 98.7
      116.0 98.7
      116.3 98.7
      112.9 98.7
      116.0 98.7
      116.0 98.7
      112.9 98.7
      116.0 98.7
      116.1 98.7
      113.1 98.7
      116.1 98.7
      116.1 98.7
      113.3 98.7
      116.0 98.7
      116.1 98.7
      113.1 98.7
      114.6 98.7
      116.2 98.7
      113.1 98.7
      116.1 98.7
      116.2 98.7
      110.7 98.7
      116.1 98.7
      115.5 98.7
      110.7 98.7
      116.1 98.7
      115.6 98.7
      110.8 98.7
      116.2 98.7
      115.6 98.7
      110.8 98.7
      116.2 98.7
      114.0 98.7
      110.8 98.7
      116.2 98.7
      114.0 98.7
      110.8 98.7
      116.2 98.7
      114.1 98.7
      110.8 98.7
      115.6 98.7
      114.5 98.7
      110.8 98.7
      115.5 98.7
      114.5 98.7
      110.7 98.7
      115.8 98.7
      114.5 98.7
      110.7 98.7
      115.9 98.7
      114.5 98.2
      110.9 98.2
      115.9 98.2
      114.7 98.2
      111.0 98.2
      116.4 98.2
      114.7 98.2
      111.0 98.2
      116.4 98.2
      114.7 98.2
      110.8 98.2
      116.4 98.2
      114.7 98.2
      109.8 98.2
      116.2 98.2
      114.7 98.2
      109.9 98.2
      116.4 98.2
      114.8 98.2
      109.9 98.2
      116.3 98.2
      114.7 98.2
      109.8 98.2
      116.3 98.2
      114.8 98.2
      109.9 98.2
      116.3 98.2
      114.8 98.2
      109.9 98.2
      116.3 98.2
      114.8 98.2
      109.9 98.2
      116.3 98.2
      114.8 98.2
      109.9 98.2
      116.3 98.2
      114.7 98.2
      110.0 98.2
      116.4 98.2
      114.8 98.2
      109.9 98.2
      116.3 98.2
      114.8 98.2
      109.9 98.2
      116.4 98.2
      114.8 98.2
      109.9 98.2
      116.4 98.2
      114.8 98.2
      110.0 98.2
      116.5 98.2
      114.8 98.2
      109.9 98.2
      115.1 98.2
      114.9 98.2
      110.0 98.2
      115.1 98.2
      114.8 98.2
      110.0 98.2
      115.1 98.2
      114.9 98.2
      110.0 98.2
      115.1 98.2
      114.9 98.2
      110.0 98.2
      115.1 98.2
      114.9 98.2
      110.2 98.2
      115.3 98.2
      115.0 98.2
      110.1 98.2
      115.3 98.2
      115.0 98.2
      110.2 98.2
      115.2 98.2
      115.0 98.2
      110.2 98.2
      115.3 98.2
      115.0 98.2
      110.2 98.2
      115.2 98.2
      115.0 98.2
      110.2 98.2
      115.3 98.2
      115.0 98.2
      110.2 98.2
      115.3 98.2
      115.0 98.2
      110.2 98.2
      115.3 98.2
      115.0 98.2
      110.2 98.2
      115.3 98.2
      115.0 98.2
      110.2 98.2
      115.3 98.2
      115.1 98.2
      110.2 98.2
      115.2 98.2
      114.9 98.2
      110.1 98.2
      115.2 98.2
      115.0 98.2
      110.1 98.2
      115.2 98.2
      115.0 98.2
      110.1 98.2
      115.2 98.2
      115.0 98.2
      110.1 98.2
      115.2 98.2
      115.0 98.2
      110.1 98.2
      115.2 98.2
      114.8 98.2
      110.1 98.2
      115.2 98.2
      114.4 98.2
      110.1 98.2
      115.2 98.2
      114.4 98.2
      110.1 98.2
      115.2 98.2
      114.5 98.2
      110.1 98.2
      115.2 98.2
      115.0 98.2
      110.1 98.2
      115.2 98.2
      115.0 98.2
      110.2 98.2
      115.2 98.2
      115.0 98.2
      110.1 98.2
      115.2 98.2
      115.0 98.2
      110.2 98.2
      115.2 98.2
      115.0 98.2
